Accept:StateNrs
105: 84
10: 83
330: 81
280: 76
234: 65
295: 59
299: 55
294: 47
288: 44
21: 82
80: 6
140: 13
119: 26
39: 7
185: 4
67: 5
123: 10
307: 51
71: 3, 4, 6, 7, 8, 9, 10, 11, 12, 13, 14, 15, 16, 17, 18, 19, 20, 21, 22, 23, 24, 25, 26, 27, 28, 29, 30, 31, 32, 33, 34, 35, 36, 37, 38, 39
42: 24, 27, 28, 29, 30, 31, 32, 33, 34, 35
127: 11
245: 37
158: 38
265: 52
206: 9
29: 3
145: 36
14: 2
17: 1, 2, 3, 4, 5, 6, 7, 8, 9, 10, 11, 12, 13, 14, 15, 16, 17, 18, 19, 20, 21, 22, 23, 24, 25, 26, 27, 28, 29, 30, 31, 32, 33, 34, 35, 36, 37, 38, 39
114: 14
45: 17, 24, 27, 28, 29, 30, 31, 32, 33, 34, 35
138: 12
256: 19
79: 17
24: 85
83: 17, 24, 28, 29, 30, 31, 32, 33, 34, 35
251: 18
48: 20
321: 21
89: 25
136: 22
62: 39
